οὐσίας 137.

26

οὖν 61). 7. 8. 14. 24. 26. 28. 30. 33. 37.
39. 40. 42. 53. 54. 56. 58. 64. 76. 86.
87. 89. 101. 102. 103. 104. 105. 109 b.
131 b. 135. 136. 139. 141. 2, 4, 9, 18,
24b· 3, 11, 12, 13‚17‚²4·3²‚r36‚40‚
41· 41 42·

loco tert. (a) post μέν 8. 9. 12. 46. 59.
70. 85. 112. 119. 136. 139. 3, 2, 10, 12 b,
28, 34, 38, 41. 4, 2, 7, 10, 11, 19, 29 39.

(b) post all. voce. 14. 95. 3, 23, 34.
1000 quart. 3, 26.

οὔπω 148. 3, 37.
-αν 74. 118. 4, 15, 26, 31.
οὔτε bina 2. 10. 56. 59. 71. 80. 114. 119.
135· 147. ²2 32 ¹1· 3, 15» 34· 4, 3, 82
16, 17, 18.

bina ÷ οὐδέ 29.

terna -k- οὐδέ 10. 29.

οὔτε . . . τέ 4.
οὗτος Ι. pron. 4. 13. 47 1. 74. 93. 95. 100.
101. 112. 125. 126. 129. 139. 3, 41. 4,
5, 19, 28, 31. αὕτη 14. 75. τοῦτο 56.
2, 4, 22. 3, 10, 13, 14 b, 32. τούτου
131. 2, 11 (εαχρόνου). 4, 18, 24, 29 b,
34. ταύτης 92. 125. τούτου 69. 2, 7,
16. 3, 10, 15, 16. 4, 8. τούτῳ 4, 22,
30, 31, 34, 36. ταύτῃ 124. 128. τούτῳ
2, 9, 28. 4, 11. τοῦτον 87. 135. 139.
4, 12, 15, 20, 21, 26, 32, 40. ταύτην
120. 125. 3, 37. 4, 4, 19. τοῦτο 9 b.
20. 23. 30. 33. 39. 57. 62. 70. 99. 102.

122. 133. 137. 2, 5, 16. 3, 1, 3, 4, 8,
22, 33. 4, 5, 32 (codd. τοῦτον).

οὗτοι 15. 16. 18. 20. 34. 49. 66. 68.
74 b. 75. 100. 132. 133. 135. 2, 4,
15 b, 18. 3, 6, 20. ταῦτα 7. 14 b. 15.
24. 36. 56. 59. 63. 64„ 76. 118. 136. 140.
2, 1, 6, 21, 26. 3, 5, 7, 10, 12, 14, 41.
4, 6, 15. τούτων ms. 3. 74. 90. 98. 102.
3, 27. nt. 1. 28. 33. 37. 41. 44. 58. 71.
75. 86. 88. 101. 106. 127. 136. 2, 3,
4. 5, 12, 13, 16· 3, 12 b, 17, 26 b, 37,
38, 40, 41 b. 4, 7 b, 8b, 11, 25, 31.
τούτοις 4. 73. 75. 136. 145. 4, 18.
ταύταις 3, 38. τούτοις 25. 31. 37. 51. 52.

121. 135. 3, 34. 4, 4, 24. τούτους 13.
18. 47. 69. 74. 81. 82. 122. 134 b. 136 b.

149. 150, 3, 27. 4, 40. ταύτας 3, 7,
14. ταῦτα 9. 1ο. 13. 22 b. 27. (30). 39.
41. 42. 44. 46. 51. 55. 60 1. 61. 62 t. 64.

65. 66. 69. 79 b. 80. 81. 96. 97. 98. 107.
108. 112. 115. 121. 124. 127. 130.133.

οὖν - παιδίον

[mm-:x

136. 140. 149. 2, 4, 7 b, 8 b, 9, 12, 2ο,
22, 23. 3, 6, 11, 12, 15, 18, 21,23 quat„
²5» ²72 ²9¹ 3¹2 3²» 33 (0⁰dd· Ταύτην), 34*
36. 37, 39· 4, 1²¹ 13, ¹7, 18. 19, 23. 25
(codd. τοῦτο), 32, 39.

110111. praec. resumens αὕτη 16. τοῦτο
nom. 140. τούτων 111. 27. τούτους 12.

καὶ ταῦτα 100. 2, 5. 3, 20.

τοῦτο μέν . . . τοῦτο δέ 2, 16, 17. 3,
40. 101112 103.

πρῶτον μέν . . . τοῦτο δέ 3, 7.

ΙΙ. adjec. 0. 110111. seq. οὗτος 94. αὕτη
3, 7. τοῦτο 72. τούτου 4, 5. ταύτης
140. 2, 12. 4, 23. τοῦτον 50. 4, 4,
34. τούτῳ 41. 3, 5, 20. ταύτῃ 16. 3,
4· 4, 5· ταύτηνόι. 3, 4· 8, 40· 4, 5. 35·

οὗτοι 27. 133. 2, 2, 4. ταῦτα 3, 38.
τούτων ms. 14. 30. 35 b. 39. 53. 2, 3.
sm. 3, 5. 111. 147. ταύταις 3, 4. τούτοις
111. 3, 7. τούτους 2, 11. ταύτας 2, 9.
ταῦτα 29. 76. 3, 9.

0. 110111. praeced. οὗτος 95 (sine art.
Blass mav. οὑτοσι). ταύτῃ 2, 2, 3, 4. 4,
34. τούτῳ nt. 2, 9. τοῦτον 121. 124. 2,
14. 3, 34. ταύτην 99. 2, 10, 12, 16.
τοῦτο 2, 5. αὗται 25 (3). τούτων 1112. 39.
2, 27. 111. 45. 4, 2. ταύτας 26.

inter art. et nom. τοῦτον 78.

οὑτοσί Ι. pron. 47. ταυτί aec. 22.

11. adjec. c. nom. seq. οὑτοσί 87. τουτί
200. 2, 2, 24. τουτουσί 86.

0. nom. praeced. (sine art.) οὖτωί 33.

71. 92. 94. 112. 115. 133. (0. art.)
οὑτοσί 22. 135. ταυτηνί 1. rou-ri 200.

80. 85.

οὕτω 5. 7. 19 (codd. οὐ). 34. 100. 2,8, 23,
25. 28. 3, 15. 4, 16, 17, 23 b, 36.

οὕτως 9. 20. 24. 36. 42. 56. 93. 105.

110. 129. 131. 146. 2, 13. 3, 7, 16. 4,
14, 30. post voc„ c. quo coniungitur 2,
2 (δεινῶς οὕτως).

οὑτωσί 69.

ὂῲείλειν 73. 116. -οντες 73. 78. -ων 77.
-όμενα nom. 118.

ὄφελος 110111. 4, 17.

ὦφλον pl. 73. 73 (codd. ὤφειλον). 147.
ὄφλοιεν 74 t.

πάγου (Ἀρείου) 78. 79. 84.
παιδαρίοις 130.

παιδίον 126 b. [-ῳ 128]. -ον 125. 128.

