 

Annocmssus]

3, 8, 22. 4, 23. ὅ 8. 12. 71. 76. 2,
23, 24.
οἴ 18. 23. 25. (29). 32. 52. 53. 59. 68.
82. 103. 104. 133. 142. 147. 2, 6, 23.
3, 19, 33. 4, 13. αἴ5. 117. 3, 5. ἅ
79.109. 2, 8. 3, 12. 4, 6. ὧν ms.
13. 14. 35. 43. 47. 74. 103. 138. 139. 2,
19. 3, 6, 12, 15, 27. 4, 2 1. sm. 145.
111. 29 b. 67. 80. 117. 143. 145. 2, 3, 6,
26. 3, 1, 11, 20, 23, 24, 29, 30, 37, 41.
4, 10, 17. οἶς 18. 40. 49 b. 75. 82. 103.
136. 137. 149. 2, 4. 4, 39. αἷς 129.
3, 5, 33. οἷς 3ο. 67. 3, 12, 34 b. οὕς
2. 44 b. 53 1). 58. 84. 102. 103 b. 105.
133. 2, 19. 4, 37, 39. ἅς 26. 28. 49.
68. 15. 19. 24. 32. 34. 41. 51 (ἃ περ).
54. 56. 58. 91. 93. 110 b. 135. 150. 2,
20 (ἅ γε), 21, 22. 3, 27, 29. 4, 10.
οὗ δὴ μάλιστα (adv.) 2, 16. 4, 14. ᾖ
adv. 65.
ὅσιος 96. -ον ms. 95. 97. 111. 116.
ὅσον 111. 2, 11. -ῳι11, 2, 17. 3, 30. -ον
ms. 144. -ην 3, 37. 4, 14. ὅσοι 78.
2, 17 b. 4, 29 b. -ιιι 3, 38. -α 78. 3,
4. -ων ms. 78.
24κ 3, 35·
ἤπερ 5ο. ὅπερ 9. 29. 2, 15, 24. ἧσπερ
143. ἥνπερ 3. 141. 3, 40. ὅπερ 2, 7.
4, 2, 17. οἷπερ 55. 59. 3, 31. ἅπερ
75. οἷσπερ ms. 83. 111. 9. 44. 79.
ἅπερ 5. 40. 51 (ἅ περ). 77. 123. 143.
3, 23t·
ὅστις 35. 67. 129. 146. 2, 16, 18 b. 3, 6.
4, 12, 15, 19, 34. δ τι 11. 86. 89. ὅτου
ms. 116. 111. 86. 3, 16, 24. ὅτῳ 111.
2, 24. ᾧτινι ms. 2, 10. ὅντινα 18. 39
b. ὅ τι 9. 26. 5ο. 84. 2, 16. 3, 16, 34.
4¹· 4» 71 36·
οἵτινες 31. 75. 150. 2, 3. 3. 17, 20,
29. 4, 33, 37. αἳτινες 3, 36. ὅτοισι 111.
3, 16.
ὁτῳοῦν ms. 2, 18.
ὧσ-τρακισμένον ms. 3, 3. ὀστρακισθῆναι 4,
36. -θέντα ms. 4, 8.
ὅταν 0. pres. subj. 4, 19. 0. nor. subj. 2,
22. 3, 11, 15. 4, 12 (ὅτ. πρῶτον).
ὅτι 0. imps. ind. 22. 77. 96. 106. 130. 146.
3, 18, 25. c. 1101. ind. 14. 3, 30. 0.
p1pf. ind. 3, 37.
ὅτε δή vi causali 2, 9.
zu 2. 4. 6. 7. 8.12.15. 20. 24 b. 26 b.

30. 39 1. 40. 41. 42. 49. 52. 56. 61 b. 62.

-ονς 47. -α 99. 2, 15,

ὅσιος - οὔκουν 25

63. 64 b. 86. 106. 109. 110. 112. 113.
1151. 116. 118. 120. 130 b. 135. 140.
141. 2, 4, 5, 8, 18, 20, 21, 26, 27. 3,
1 b, 8, 10, 17, 28. 4, 42.

vi causali 30 1). 63. 64 b. 75. 93 b. 94.
99. 102. 4, 5, 17, 33.

δῆλον ὅτι 3ο. 114.

μὴ ὅτι . . .ἀλλά 23.

οἱ dat. pron. pers. 15. 38. 40. 41. 42. (126).
mbos) 4. 5. 7. 8. 9. 20 1). 21 b. 221. 26. 30

b. 32. 33. 36. 39. 42. 52. 56. 61. 62. 63.
64. 65. 75 b. 76. 86 b. 89. 90. 91 b. 92.
94 b. 97. 99 b. 100 b. 101 quat. 102 b.
105. 106. 108. 109. 110 b. 116 b. 119.
123. 125. 132. 134 b. 137. 138. 139.
140 b. 143. 144. 146 1. 148. 149. 2, 3,
4b, 6b, 7, 9, 10, 11 b, 12 b, 13, 16,
17, 18b‚ 19, 20, 21, 26. 3, 1, 2, 6,
10, 11, 12, 15, 16, 18 b, 20, 21 b, 23,
25, 26 quat-2 27 t, 34, 35, 36t, 37,40‚ 41-
4, 1,2, 4, 7, 8, 10, 15, 17 t, 19, 20b, 21,
²²> ²35 (²6), ²7¹ ²8⁹ ²9) 3¹2 32² 33, 34»

35, 36 quat.. 37, 38 1), 39, 42 1.
οὔ μόνον Vid. μόνον.

οὒμόνου. ..ἁλλὰκαί2, 7.
μή, οὐκ 103.
οὐδαμῆ 2, 9·
οὐδαμόθεν 4, 34.
οὐδὲ 10 (codd. οὔτε). 17. 29. 29 (v. 1.
οὐδέν). 30. 49. 64. 75. 80. 90. 91 b. 94.
100. 101 quinq. 118. 122. 124. 125. 139.
147 b. 149. 2, 8. 3, 16, 21, 26. 4, 5,
13, 15 b, 18, 24, 28, 34 quat„ 36 b, 42.
οὐδείς 58. 112 b. 115. 134. 139. 146. 2, 3,
9. 3, 4, 10, 33. 4, 14, 18, 24, 34. -μία
58. 4, 6. -ἐν 7. 10. 33. 56. 2, 21, 24.
4, 17, 24. -ενός ²9· -μιᾶς 2. 56. -ενός 51.
2, 4. 3, 29 (codd. -έν). 4, 4, 27, 31. -ενί
ms. 90. 4, 16. -eva 23. 129. 147. 3, 12.
41 8, 341 35· ’μίαν Ῐο8· 35 ¹8· 42 ¹82
30, 35. -έν 1. 23. 30 b. 32. 49. 50. 71.
80. 97. 101 b. 102 b. 139. 147. 149. 2,
1. 4, 7· 3, 27· 4, 1, 5b›7‚ 17‚18‚20.

23, ²52 3²» 33, 34, 39·
οὐδέπω 53.

οὐδεπώποτε 22 (Α pr. -δέποτε). 2, 27. 3,
ababa} 111. 110111. 3, 17. οὐδέτερα 110111.
οὖζᾶῐτι 4. 8.

οὐκοῦν 3, 10, 14.

οὔκουν 40. 4, 37. ‘

