 

 

ANDOCIDEUS]

ἔμοιγε 133. 2, 26.
ἐμέ 20 1). 21. 26 b. 30 b. 33. 35. 50.

55. 59 b. 61. 64. 66. (67). 68 b. 69. 117.
121. 145. 148. 150. 2, 1, 27. 4, 40.
με 1. 2. 8 t. 23. 26. 30. 32. 35. 48. 54.
55. 71. 101. 102. 113. 113 (codd. μέν).
114 b. 121 b. 122. 137 1). 139. 144.
146. 14 9. 2, 7, 9, 13,15 b, 25. 5,
10, 24.
ἕδραν 111.
ἐθελοντῶν 3 (codd. ἐθελόντων).
ἑθέλει4, 6. —v 90. ·οιμεν 109. -ειν 22.
4, 1. -οντες 3, 30. -όντων 1115. [3]. 4,
20. ἤθελον 136. -ε 4, 29. ἐθελήσειν
104. ἠθέλησα 2, 11. -σιιν 3. vid.
θέλω.
εἰθισμένον nt. acc. 3, 28. ·οις ms. 2, 4.
zoes 111.
εἰ Ι. 0. pres. ind. 22. 24. 26. 33. 56. 63. 70.
79. 91. 113. 120. 140 b. 2, 1, 2 b, 3, 4,
17, ²2 b, 14, 3, 13, 16, 37, 40 t· 4, 5,
31, 31, 34, 38, 42·
c. impf. ind. 21. 24. 57. 76. 101 b.
114. 119137. 2, 1, 7 b. 3, 16. 4, 8.
0. sut. ind. 23. 53. 103. 104. 123. 149.
3, 21, 36., 4, 36 (codd. aor. subj.).
0. aor. ind. 20. 23 1). 50. 77. 92.
102 b. 114. 2, 12 b, 27. 3, 2, 19, 34
(codd. sut. ind.). 4, 11 (codd. aor. opt.)‚
26, 41.
c. pf. ind. 32. 33. 113. 130. 148. 2,
24. c. plpf. ind. 54.
11. 0. pres. opt. 30. 90. 109. 122. 139.
2, 1, 6, 19. 3, 30. 4, 17.
0. aor. opt. 15. 20 b. 115. 141 (codd.
aot. subj.). 2, 22. 4, 10, 15, 38.
ΙΙΙ. =num 7 b. 10 b. 18. 69. 105 b.
112. 128. 2, 3, 1ο. 4, 2, 8 b.
εἰ δὲ μή sine v. 11. 63. 73. 79. 120. 136.
εἰ μήεπλήν 126.
εἴπερ 0. pres. ind. 139. 2, 1, 26. 4, 12.
c. nor. ind. 20.
εἰκάσι (εἰκάς) 121.
εἰκός 110111. 6. 7. 50. 53. 2, 9, 10, 19, 26.
3, 2.
εἰκοσι 34. 38. 81.
εἰκότως 3 b. 67. 140. 142. 2, 26. 3, 2.
4, 8, 21.

εἰμί 50. 126. 4, 36.
Ξστί 6. 7 1). 8. 14. 18. 23. 29. 38. 50 b.

72. 78 b. 95. 99. 109. 111. 119. 127. 129.
139. 144 b. 146. 2, 1 b. 5,6, 18, 19, 20,

ἔδραν--εῇσῆρ 11

22, 24, 261). 3, 1, 13, 24 b, 32, 41 quat.
4,1, 5, 8,15, 16, 17, 19,30,31,36·

ἔστι 4. 14. 22. 29. 30. 56. 79 b. 86. 89
94 b. 100. 120. 126. 146 b. 147. 2, 6,
16. 3, 1, 4, 6 b, 10, 14, 16, 35, 40. 4,
8, 24, 34, 35 39-

ὲσμέν 3, 25. 4, 2. ἐστέ 3. 37. εἶσί
18. 25. 35 b. 78 t. 88. 110. 133. 148. 2,
2, 3, 4, 6, 19, 21- 3, 19, 33, 36- 4,.8,11,
3ο,31-

ὣ 97. ᾔ 133. 3, 14. εἴην 63. εἴη
30. 36. 39 b. 41. 110 (codd. δὲ ἦν), 115.
118. 122. 126129. 134. 2, 15, 18. 3,
9, 30. εἴητε 2, 6. εἶεν 39. 86. 88 b. 2,
3. ἔστω 96 b. 96 (codd. ἔσται). 97.

εἶναι 5. 8. 9. 12. 20. 32. 36. 37. 38 b.
39. 41. 53 b. 56 b. 57. 60 b. 64 b. 65. 67.
74. 79. 87 b. 88. 89. 93. 95 b. 97. 98 b.
107. 113. 125. 126 b. 127 b. 129. 132.
135. 136 t. 139. 140. 1441). 149. 2, 2,
9, 10 b, 16, 21, 23, 26. 3, 7 1), 12 b, 14,
19, 20, 13, 29, 33, 36, 39, 40· 4, 7,
9, 12, 16, 18, 19, 32 38.

ὥν 5. 11. 15. 48. 99. 100. 116. 124.
139. 140. 2, 8, 26. 4, 16. Fa 5. οὖσα
131. 146. 3, 1. ὄν 2, 24 (codd. ἀναίτι-
ον). ὄντος 12. 131. 2, 11. 3, 34. οὔσης
2. 138. 3, 31. 4, 11. ὄντα 45. 57.
127 b. 3, 3 b. 4, 6, 26. οὖσαν 51.
2, 11. 3, 25, 29. 4, 14, 29. ὅν (116).
4, 18.

ὄντες 6. 36. 109. 119. 142. 2, 14, 18.
3, 21. 4, 34. οὐσῶν 129. 138. ὄντων nt.
2, 9,11, 16. 4, 10. ὄντας 43. 50. 51.
53. 82. 103. 122. 149. 4, 41. οὔσας 3,
14. ὄντα 20. 59. 138. 3, 21, 35. 4, 29.

ἦν 14. 17. 4, 8. ἦσθα 14. ῆν 7. 11.
12. 15 b. 19. 20 b. 24. 38. 39. 48 b. 53
11. 57. 58 b. 59. 61. 64. 65. 67. 73. 74 b.
75 b. 76 t. 77. 87.94. 106.112.116. 117.
118. 119. 125. 130. 136146. 2,7, 9, 12.
3, 3, 6, 37, 4, 8, [8], 14, 17, 20, 33- ἦμεν
3, 16. ἦσαν 27. 37. 45. 52. 73. 74 b.
75 b. 78. 82. 2, 3, 14,15. 3, 5, 21. 4,

331113114ρω 72. ἔσται43. 89. 95. 119. 126.

129. 135. 145 (codd. ἔστιν). ἐσόμεθα
63. -εσθαι 3, 2. ’όμενα acc. 122.

ἰέναι 12. 36. 39. 45 b. ἰόντων ms. 3, 26

(codd. ὄντων). ᾔει 36.

εἵνεκα, vid. ἕνεκα.
εἶπφ vid. d.

